MIN ACHIEVED: 25.0
START: 2019-02-06 18:05:27.940756
FINISH: 2019-02-06 18:46:22.574556