MIN ACHIEVED: 96.0
START: 2019-02-06 18:09:20.715562
FINISH: 2019-02-06 18:48:57.520569