MIN ACHIEVED: 50.0
START: 2019-02-06 18:07:12.383352
FINISH: 2019-02-06 18:41:30.036839